 24 9
 60   2   0   5  97   1   0   0   0   1 290   1   0 1000 170   2   0   0
  0 100   0 200   0 300   0 400   0 500   0 600   0  700   0 800   0 900
  0   0   0   0   0   0   0   0   0   0   0   0   0    0   0   0   0   0
150   1 160   1 170   1 180   1 190   1 200   1 210    1 220   1 230   1
  1  10   2  10   3  10   4  10   5  10   6  10   7   10   8  10   9  10
123   2   0   2   0   0   0   2 354   4  46   1   0    0   0   0 237   1
 54   1   0   2   0   0   0   8   0   6   0   1   0    0   0   1   0   0
 30   1  90   1  60   1 270   1 150   1 180   1 120    1 210   1 240   1
  0   2 123   1   0   1   0   0   0   1   0   0   0    1   0   3   0   0
 37   1  63   1   0   1 271   3   0   9   0   0 358    3   0   1   0   0
257   3   0   0   0   0   0   2   0   8   0   0   0    2   0   0   0   0
 34   1  49   1   0   1   0   0   0   1   8   1 279    5 300   1 359   1
 35   1 189   2   0   5   0   0   0   4   0   2   0    0   0   0   0   0
 36   1 359   3   0   4   0   0 290   1   0   0   0    0   0   1   0   2
  0   0 128   2   0   0   0   0   0   1 147   1 257    1 350   1 259   2
123   2   0   1   0   0   0   0   0   4 346   1   0    0   0   0   0   0
343   4   0   2   0   0   0   0  90   1   0   0 146    1 257   2   0   1
  0   2   0   0   0   0   0   0   0   4   0   0 360    6   0   2 160   2
  0   6   0   0   0   0   0   0   0   1 269   1 115    2   0   0 269   3
145   2 258   2   0   2   0   0   0   4   0   0   0    1 267   5   0   2
320   1  45   1   0   2   0   0  29   1 258   1 340    5   0   2   0   2
 72   1  15   1 156   1   0   0   0   4 120   1  19    1 203   3 259   2
  0   4   0   1  64   1   0   0   0   1 200   1  14    1 146   2   0   0
156   1   0   1   0   0   0   0   0   4   0   0   0    0 290   7 270   1
